k = 1.24886
k = 1.24885
k = 1.24885
